1.395170558085732409e+03
1.092056809120414982e+03
9.268478063747559190e+02
2.156834956622556376e+02
1.865070374932169216e+03
1.195326348318466216e+03
1.601334997017046362e+03
1.695493413406200943e+03
3.397267781863531582e+02
5.019149999122767980e+01
2.000000000000000000e+03
5.710478372355955798e+02
6.843677075558300658e+02
8.030987797140816156e+02
1.428185010349285903e+03
2.000000000000000000e+03
1.479008492050662198e+03
1.431258128141861789e+03
1.169789534380492114e+03
7.815915121247301158e+02
2.930911624399478796e+02
1.144622856818697073e+03
1.030834692601675897e+03
1.571476725045783269e+03
1.852936818668187698e+03
1.839624438688353166e+03
7.211801978332838416e+02
6.110030157110186337e+02
1.250955159818455513e+03
9.003048284682959093e+02
9.850859883708890266e+02
3.505954692880949324e+02
1.668629754333266874e+03
6.875275872133521489e+02
6.799004620881685241e+02
7.058432866001971888e+02
2.530420235382611622e+02
7.709677084445299897e+02
1.180711947275342709e+03
9.942627127769252411e+02
3.894846232249638547e+02
1.254461910157696138e+03
6.077915376295259193e+02
1.034725883346623334e+02
9.546806700295461496e+02
1.745698845515921107e+02
2.311205392302515520e+02
1.896494309126630924e+03
8.599502675753856238e+02
1.760846580857044728e+03
