2000 2000 100.027 
1923.89 2000 121.389 
1913.17 1995.7 123.467 
2000 1995.7 99.0936 
1913.17 1883.97 109.415 
2000 1883.97 90.9543 
2000 1908.87 94.085 
1913.17 1772.25 108.469 
2000 1772.25 86.5407 
2000 1797.14 86.7515 
1913.17 1660.52 107.157 
2000 1660.52 86.0167 
2000 1685.41 86.3091 
1913.17 1548.8 96.8857 
2000 1548.8 80.9006 
2000 1573.69 83.1888 
1913.17 1437.07 82.6135 
2000 1437.07 71.2869 
2000 1461.96 74.4667 
1913.17 1325.35 70.1136 
2000 1325.35 62.6372 
2000 1350.24 65.4222 
1913.17 1213.63 59.859 
2000 1213.63 53.7878 
2000 1238.52 56.0724 
1913.17 1101.9 51.0268 
2000 1101.9 44.3235 
2000 1126.79 46.2913 
1913.17 990.176 45.4864 
2000 990.176 37.0355 
2000 1015.07 38.2699 
1913.17 878.455 40.7106 
2000 878.455 31.877 
2000 903.346 32.941 
1913.17 766.73 35.5784 
2000 766.73 29.7011 
2000 791.622 30.8445 
1913.17 655.005 38.7472 
2000 655.005 33.0385 
2000 679.897 32.3326 
1913.17 543.28 38.488 
2000 543.28 31.3918 
2000 568.172 31.4496 
1913.17 431.558 29.714 
2000 431.558 23.2701 
2000 456.449 25.2249 
1913.17 319.833 24.0635 
2000 319.833 16.3403 
2000 344.725 17.5993 
1913.17 208.108 21.6464 
2000 208.108 12.838 
2000 233 13.3765 
1913.17 96.3835 18.374 
2000 96.3835 10.2178 
2000 121.275 10.9469 
1913.17 0.0550815 13.4168 
2000 0.0550815 6.85684 
2000 9.54661 7.34529 
13.8575 1995.7 208.423 
125.579 1995.7 189.585 
121.278 2000 190.467 
24.5856 2000 206.77 
237.304 1995.7 187.758 
233.003 2000 187.983 
136.307 2000 189.565 
349.029 1995.7 194.653 
344.728 2000 195.058 
248.032 2000 189.09 
460.754 1995.7 194.313 
456.452 2000 195.187 
359.757 2000 195.481 
572.476 1995.7 203.738 
568.174 2000 203.835 
471.482 2000 195.678 
684.201 1995.7 227.762 
679.899 2000 227.108 
583.204 2000 206.315 
795.925 1995.7 260.966 
791.624 2000 259.713 
695.255 2000 231.073 
907.65 1995.7 304.722 
903.35 2000 302.597 
810.046 2000 266.055 
1019.37 1995.7 348.98 
1015.07 2000 346.515 
927.292 2000 311.741 
1131.09 1995.7 358.937 
1126.79 2000 357.924 
1040.91 2000 350.27 
1242.82 1995.7 332.486 
1238.52 2000 333.613 
1148.24 2000 354.986 
1354.55 1995.7 296.36 
1350.24 2000 298.413 
1256.24 2000 328.81 
1466.27 1995.7 254.862 
1461.97 2000 256.935 
1365.27 2000 292.85 
1578 1995.7 209.119 
1573.7 2000 210.972 
1477 2000 250.561 
1689.71 1995.7 174.931 
1685.41 2000 176.456 
1588.73 2000 206.046 
1801.44 1995.7 154.84 
1797.14 2000 156.616 
1700.44 2000 174.004 
1908.86 2000 125.802 
1812.17 2000 152.955 
-1.66114e-05 1995.7 210.616 
9.55706 2000 209.534 
0.794545 2000 210.921 
-1.66114e-05 1897.83 225.167 
13.8575 1883.97 225.031 
-1.66114e-05 1883.97 227.487 
-1.66114e-05 1786.1 234.061 
13.8575 1772.25 232.538 
-1.66114e-05 1772.25 235.869 
-1.66114e-05 1674.38 226.654 
13.8575 1660.52 222.021 
-1.66114e-05 1660.52 225.336 
-1.66114e-05 1562.65 224.827 
13.8575 1548.8 221.441 
-1.66114e-05 1548.8 224.373 
-1.66114e-05 1450.93 220.271 
13.8575 1437.07 216.756 
-1.66114e-05 1437.07 219.86 
-1.66114e-05 1339.21 205.805 
13.8575 1325.35 200.712 
-1.66114e-05 1325.35 204.402 
-1.66114e-05 1227.48 189.883 
13.8575 1213.63 184.139 
-1.66114e-05 1213.63 188.144 
-1.66114e-05 1115.76 174.568 
13.8575 1101.9 168.642 
-1.66114e-05 1101.9 173.026 
-1.66114e-05 1004.03 167.949 
13.8575 990.176 162.849 
-1.66114e-05 990.176 167.443 
-1.66114e-05 892.312 179.169 
13.8575 878.455 176.233 
-1.66114e-05 878.455 180.909 
-1.66114e-05 780.587 186.336 
13.8575 766.73 182.428 
-1.66114e-05 766.73 187.606 
-1.66114e-05 668.862 173.706 
13.8575 655.005 166.559 
-1.66114e-05 655.005 171.642 
-1.66114e-05 557.137 161.258 
13.8575 543.28 154.704 
-1.66114e-05 543.28 158.579 
-1.66114e-05 445.416 154.956 
13.8575 431.558 150.569 
-1.66114e-05 431.558 153.521 
-1.66114e-05 333.691 144.494 
13.8575 319.833 140.266 
-1.66114e-05 319.833 143.982 
-1.66114e-05 221.966 141.86 
13.8575 208.108 137.843 
-1.66114e-05 208.108 141.87 
-1.66114e-05 110.241 143.402 
13.8575 96.3835 139.592 
13.8575 2000 208.579 
81.094 29.147 122.994 
125.579 96.3835 107.568 
125.579 3.2821 111.271 
125.579 2000 189.74 
218.684 3.2821 92.5376 
237.304 96.3835 84.3988 
237.304 2.31983 88.7209 
237.304 2000 188.428 
331.368 2.31983 78.6283 
349.029 96.3835 92.5733 
349.029 2.65029 79.9664 
349.029 2000 195.514 
442.765 2.65029 95.0292 
460.754 96.3835 124.008 
460.754 4.03055 100.443 
460.754 2000 194.773 
553.107 4.03055 125.051 
572.476 96.3835 147.284 
572.476 5.19699 129.315 
572.476 2000 204.009 
663.662 5.19699 134.321 
684.201 96.3835 138.41 
684.201 4.7369 132.662 
684.201 2000 227.788 
775.85 4.7369 119.906 
795.925 96.3835 131.259 
795.925 4.38048 118.571 
795.925 2000 260.525 
887.932 4.38048 121.519 
907.65 96.3835 150.048 
907.65 5.346 125.1 
907.65 2000 303.96 
998.688 5.346 126.153 
1019.37 96.3835 145.291 
1019.37 5.09325 125.216 
1019.37 2000 348.351 
1110.66 5.09325 110.552 
1131.09 96.3835 112.6 
1131.09 3.50566 104.432 
1131.09 2000 359.046 
1223.97 3.50566 92.6964 
1242.82 96.3835 87.305 
1242.82 2.43647 88.4423 
1242.82 2000 333.148 
1336.77 2.43647 71.0856 
1354.55 96.3835 68.0854 
1354.55 1.701 68.027 
1354.55 2000 296.835 
1449.23 1.701 48.6713 
1466.27 96.3835 51.6197 
1466.27 1.11778 46.1279 
1466.27 2000 254.953 
1561.54 1.11778 34.6777 
1578 96.3835 42.9948 
1578 0.829412 33.3785 
1578 2000 209.329 
1673.55 0.829412 27.3521 
1689.71 96.3835 36.518 
1689.71 0.618835 26.393 
1689.71 2000 175.933 
1785.49 0.618835 20.7295 
1801.44 96.3835 27.4687 
1801.44 0.333714 19.4141 
1801.44 2000 155.967 
1897.5 0.333714 14.7096 
1913.17 2000 124.4 
-1.66114e-05 96.3835 142.69 
13.8575 29.147 134.823 
125.579 1883.97 198.881 
125.579 1772.25 199.924 
125.579 1660.52 193.11 
125.579 1548.8 199.173 
125.579 1437.07 198.936 
13.8575 1437.07 216.753 
125.579 1325.35 184.009 
125.579 1213.63 165.188 
125.579 1101.9 147.031 
125.579 990.176 136.083 
125.579 878.455 136.734 
125.579 766.73 135.351 
125.579 655.005 124.811 
125.579 543.28 116.076 
125.579 431.558 114.421 
125.579 319.833 108.414 
125.579 208.108 104.717 
237.304 1883.97 179.548 
237.304 1772.25 173.262 
237.304 1660.52 167.216 
237.304 1548.8 165.943 
237.304 1437.07 162.152 
237.304 1325.35 152.494 
237.304 1213.63 143.642 
237.304 1101.9 138.244 
237.304 990.176 131.149 
237.304 878.455 124.03 
237.304 766.73 119.562 
237.304 655.005 112.982 
237.304 543.28 106.334 
237.304 431.558 102.371 
237.304 319.833 97.4786 
237.304 208.108 91.6466 
349.029 1883.97 176.463 
349.029 1772.25 166.458 
349.029 1660.52 161.53 
349.029 1548.8 157.244 
349.029 1437.07 151.881 
349.029 1325.35 148.554 
349.029 1213.63 148.739 
349.029 1101.9 151.966 
349.029 990.176 147.524 
349.029 878.455 139.022 
349.029 766.73 141.653 
349.029 655.005 140.72 
349.029 543.28 139.628 
349.029 431.558 139.109 
349.029 319.833 131.09 
349.029 208.108 115.198 
460.754 1883.97 184.755 
460.754 1772.25 182.93 
460.754 1660.52 185.759 
460.754 1548.8 185.678 
460.754 1437.07 175.692 
460.754 1325.35 172.177 
460.754 1213.63 177.75 
460.754 1101.9 178.527 
460.754 990.176 175.132 
460.754 878.455 171.104 
460.754 766.73 176.875 
460.754 655.005 179.969 
460.754 543.28 185.079 
460.754 431.558 185.215 
460.754 319.833 170.213 
460.754 208.108 147.472 
572.476 1883.97 202.762 
572.476 1772.25 206.728 
572.476 1660.52 220.919 
572.476 1548.8 230.523 
572.476 1437.07 212.398 
572.476 1325.35 205.533 
572.476 1213.63 220.233 
572.476 1101.9 216.895 
572.476 990.176 212.019 
572.476 878.455 220.599 
572.476 766.73 228.912 
572.476 655.005 223.051 
572.476 543.28 211.374 
572.476 431.558 195.08 
572.476 319.833 175.297 
572.476 208.108 158.407 
684.201 1883.97 232.152 
684.201 1772.25 238.96 
684.201 1660.52 261.125 
684.201 1548.8 271.201 
684.201 1437.07 249.82 
684.201 1325.35 244.766 
684.201 1213.63 263.636 
684.201 1101.9 261.581 
684.201 990.176 246.153 
684.201 878.455 251.252 
684.201 766.73 254.437 
684.201 655.005 235.856 
684.201 543.28 208.277 
684.201 431.558 180.727 
684.201 319.833 160.753 
684.201 208.108 144.689 
795.925 1883.97 273.462 
795.925 1772.25 283.046 
795.925 1660.52 290.703 
795.925 1548.8 284.213 
795.925 1437.07 270.495 
795.925 1325.35 274.127 
795.925 1213.63 280.821 
795.925 1101.9 260.713 
795.925 990.176 234.501 
795.925 878.455 238.5 
795.925 766.73 238.979 
795.925 655.005 213.633 
795.925 543.28 188.892 
795.925 431.558 171.312 
795.925 319.833 159.188 
795.925 208.108 146.629 
907.65 1883.97 318.777 
907.65 1772.25 310.509 
907.65 1660.52 286.999 
907.65 1548.8 262.945 
907.65 1437.07 249.804 
907.65 1325.35 262.955 
907.65 1213.63 273.864 
907.65 1101.9 243.794 
907.65 990.176 202.429 
907.65 878.455 202.733 
907.65 766.73 214.948 
907.65 655.005 199.16 
907.65 543.28 187.858 
907.65 431.558 183.241 
907.65 319.833 180.941 
907.65 208.108 174.393 
1019.37 1883.97 345.118 
1019.37 1772.25 312.501 
1019.37 1660.52 271.609 
1019.37 1548.8 232.279 
1019.37 1437.07 207.742 
1019.37 1325.35 223.68 
1019.37 1213.63 249.963 
1019.37 1101.9 241.143 
1019.37 990.176 196.412 
1019.37 878.455 173.758 
1019.37 766.73 179.742 
1019.37 655.005 174.623 
1019.37 543.28 177.338 
1019.37 431.558 188.775 
1019.37 319.833 188.604 
1019.37 208.108 170.913 
1131.09 1883.97 338.46 
1131.09 1772.25 300.96 
1131.09 1660.52 252.075 
1131.09 1548.8 204.911 
1131.09 1437.07 176.609 
1131.09 1325.35 180.014 
1131.09 1213.63 200.128 
1131.09 1101.9 207.71 
1131.09 990.176 179.188 
1131.09 878.455 150.692 
1131.09 766.73 147.718 
1131.09 655.005 142.204 
1131.09 543.28 141.64 
1131.09 431.558 159.278 
1131.09 319.833 159.233 
1131.09 208.108 133.964 
1242.82 1883.97 306.387 
1242.82 1772.25 271.956 
1242.82 1660.52 229.81 
1242.82 1548.8 201.402 
1242.82 1437.07 186.109 
1242.82 1325.35 170.123 
1242.82 1213.63 157.837 
1242.82 1101.9 151.162 
1242.82 990.176 138.39 
1242.82 878.455 124.977 
1242.82 766.73 125.417 
1242.82 655.005 122.488 
1242.82 543.28 116.549 
1242.82 431.558 128.055 
1242.82 319.833 125.822 
1242.82 208.108 102.17 
1354.55 1883.97 273.744 
1354.55 1772.25 235.671 
1354.55 1660.52 200.605 
1354.55 1548.8 189.326 
1354.55 1437.07 195.783 
1354.55 1325.35 187.486 
1354.55 1213.63 157.561 
1354.55 1101.9 128.933 
1354.55 990.176 110.241 
1354.55 878.455 101.639 
1354.55 766.73 104.403 
1354.55 655.005 103.233 
1354.55 543.28 96.6168 
1354.55 431.558 99.5425 
1354.55 319.833 94.8348 
1354.55 208.108 78.3335 
1466.27 1883.97 252.759 
1466.27 1772.25 217.566 
1466.27 1660.52 178.683 
1466.27 1548.8 159.282 
1466.27 1437.07 165.386 
1466.27 1325.35 169.643 
1466.27 1213.63 150.618 
1466.27 1101.9 126.123 
1466.27 990.176 101.47 
1466.27 878.455 86.0026 
1466.27 766.73 85.7239 
1466.27 655.005 85.4226 
1466.27 543.28 79.1791 
1466.27 431.558 76.8496 
1466.27 319.833 73.0912 
1466.27 208.108 62.2728 
1578 1883.97 221.6 
1578 1772.25 203.258 
1578 1660.52 166.565 
1578 1548.8 138.128 
1578 1437.07 132.257 
1578 1325.35 133.433 
1578 1213.63 120.978 
1578 1101.9 104.419 
1578 990.176 90.9079 
1578 878.455 77.355 
1578 766.73 69.9613 
1578 655.005 69.7604 
1578 543.28 64.3529 
1578 431.558 64.2265 
1578 319.833 67.9266 
1578 208.108 58.2876 
1689.71 1883.97 173.039 
1689.71 1772.25 173.771 
1689.71 1660.52 147.171 
1689.71 1548.8 117.152 
1689.71 1437.07 105.605 
1689.71 1325.35 102.011 
1689.71 1213.63 95.5282 
1689.71 1101.9 84.632 
1689.71 990.176 76.0072 
1689.71 878.455 67.0972 
1689.71 766.73 57.6817 
1689.71 655.005 55.8835 
1689.71 543.28 52.8509 
1689.71 431.558 51.1726 
1689.71 319.833 55.8349 
1689.71 208.108 50.1746 
1801.44 1883.97 135.017 
1801.44 1772.25 141.245 
1801.44 1660.52 130.595 
1801.44 1548.8 107.374 
1801.44 1437.07 90.4964 
1801.44 1325.35 79.0657 
1801.44 1213.63 72.0511 
1801.44 1101.9 66.1738 
1801.44 990.176 60.2446 
1801.44 878.455 53.4632 
1801.44 766.73 46.1408 
1801.44 655.005 45.7974 
1801.44 543.28 45.1526 
1801.44 431.558 37.9274 
1801.44 319.833 36.207 
1801.44 208.108 34.8592 
2000 1325.35 62.6347 
